incident_id,predicted_killer,p_killer_1,p_killer_2,p_killer_3,p_killer_4,p_killer_5,p_killer_6,p_killer_7,p_killer_8
0,5,0.0016022403843480258,0.006369855290770361,0.0062483093396853845,2.1138810483083404e-07,0.9451537117117117,3.975633758120804e-07,8.485992210789688e-05,0.04054041439989599
1,7,1.1464548374571303e-06,4.2919486272330914e-05,7.712396978943126e-07,1.9642708262915282e-06,0.000185626448500258,2.2534517468724365e-11,0.9997675490719029,2.3005428213738498e-08
6,3,6.518672794024218e-05,1.962415805704073e-05,0.9900540658315166,6.787379037803166e-05,0.009064583581706146,1.9536784146829089e-07,9.976739208958752e-05,0.0006287031504709622
7,4,1.1159608652930617e-05,7.619312483664527e-08,4.547628211483876e-06,0.959508471486242,6.033605631353962e-05,3.2587518014110302e-09,0.04041525156426213,1.5420444136161155e-07
17,6,0.00024364573262160036,7.736259791248357e-06,7.053993050026626e-05,1.032337753800845e-06,2.0090284144826007e-07,0.9996768235344768,2.0338474144591425e-08,9.63540661356199e-10
20,3,5.1880150821605176e-05,1.975349620688899e-06,0.9972200918096146,6.725411827796785e-05,0.002550353077307511,3.149393495995221e-07,1.1176852140649455e-05,9.695370286729837e-05
21,4,8.815361571304867e-06,9.811913047239085e-10,2.364132365603101e-06,0.9988463580991261,1.6442731001159793e-06,7.451149525769303e-09,0.00114080581389706,3.887598939115863e-09
23,4,0.00032099994858208265,1.0581119174090405e-06,0.23581420844362624,0.7579812904951551,0.000153576562004597,0.0032569264499510133,0.002471906992902959,3.299586071384658e-08
26,7,0.0037677503446311867,0.0004931896653224437,0.00010719993775674685,0.0002812880073167704,0.00010303977558744387,5.486762444682411e-07,0.9952461927915162,7.90801624882542e-07
27,7,1.0086952059467887e-05,5.9634311245605446e-05,2.5578231839520073e-05,2.0971089607803606e-06,5.334605229358074e-05,7.374441312984973e-11,0.9998491787910375,7.847881914358178e-08
28,3,5.871364470289331e-06,3.274968218476219e-07,0.9995442522058131,7.763757684802206e-05,0.00034964717865215586,7.121251574348852e-08,6.058579324488562e-06,1.613438555440823e-05
33,5,0.00014061021026825644,0.00018992464926193543,0.2878228960731632,8.099599611997437e-05,0.49091833700835896,1.8105589449948772e-07,0.002493567920587451,0.21835348708634572
36,3,7.270786265912886e-05,6.736716272626631e-06,0.9571272786955615,1.1302849782086419e-05,0.03656241043961984,3.4053697154648934e-08,2.822663646820026e-05,0.00619130274593959
44,4,0.00026210006247209025,3.8499502795728056e-08,6.299596180875042e-05,0.9986613429373675,1.3311127311325946e-05,1.3553777207116782e-06,0.0009986419017509616,2.1413206585414805e-07
45,3,2.75301788664758e-06,2.0081715102040959e-07,0.9985935850925864,5.9148597499589895e-05,0.0013144835113083216,2.157133295380724e-09,2.170206433524352e-05,8.124742099438307e-06
48,3,0.0008023795530296447,9.531571920724799e-07,0.9990561188720747,6.451645327344282e-05,6.075642832706397e-05,2.0238805010522692e-06,1.0130946698707807e-05,3.120708903334055e-06
51,3,2.043975050748382e-06,4.702767740599416e-08,0.9996552852656342,1.8108054055724178e-06,0.00033607547089500997,4.350925358900504e-10,1.0883794874643903e-06,3.6486407569049163e-06
54,3,1.759226208764515e-05,1.756826960072831e-06,0.9955496434672617,2.2835563366903882e-05,0.004218428273971394,2.802603592232725e-08,9.830805604886971e-06,0.0001798847747114666
56,3,6.524712246580415e-05,5.723983424337137e-06,0.9991801881678847,7.600135788919598e-06,0.0006770879725116949,5.610549745204585e-08,4.614289803407448e-05,1.7953614392964695e-05
60,7,4.815581396743672e-05,2.643990612834427e-05,6.434202263357186e-05,0.0011627289929956896,0.0008741453380011495,1.1928211550897833e-08,0.9978236719374806,5.040605817080018e-07
61,3,0.0002794562137697704,0.0002138358886190094,0.9786352705986803,0.00029644087305370374,0.013761529369280146,1.2552813776178696e-06,0.006636234465873501,0.00017597730934602708
62,7,1.021307176384374e-06,1.778436819429344e-08,5.1209968307824905e-08,0.0027199682841288235,4.050343810334723e-07,3.90065923026528e-11,0.997278536332234,8.736695343987317e-12
64,6,4.398488887134002e-05,1.1531205885250368e-05,7.698537250007024e-08,1.3642345599314162e-09,1.073451686527447e-10,0.9999444037315754,1.7154257693631687e-09,1.2899219809765859e-12
67,6,0.00025402824240093445,0.0003503658239976424,1.577778225109921e-05,9.431084479772103e-09,2.2129215231322315e-09,0.9993793295546408,4.869437758571294e-07,8.927608001444676e-12
69,2,0.0007881994594941046,0.9985799995748129,9.591564615285657e-07,1.66752785422903e-09,3.0381058080847934e-05,3.388489920860327e-06,0.0005967833731651978,2.8722053666995916e-07
77,7,0.00010233709455635841,1.9033815956384919e-06,1.639872626610499e-06,0.06917818230106423,5.369276123868609e-05,7.942700156957143e-09,0.930662099120227,1.375259912575826e-07
80,3,0.010880478254341054,0.00034651891436712263,0.9806432973518262,0.001778659409035872,0.004251459950106224,0.0002631154823688406,0.00013345226014651262,0.0017030183778081734
94,6,0.0003819969597901697,3.79015743516654e-05,8.27425643977353e-06,1.3730194491962685e-07,1.5073866447521828e-08,0.999571621135039,5.351769436527656e-08,1.808737054972638e-10
99,3,0.0008127591231039344,8.371189700458761e-06,0.9870698202384579,0.0020085465977425806,0.007583049467007165,1.1294167757891904e-05,2.0053384179112377e-05,0.002486105832050939
102,2,4.363563567176569e-05,0.997071889591062,1.401255824662432e-08,3.2108163484072393e-09,2.2793985580290666e-06,1.9257120583899472e-06,0.0028802418018923468,1.0637382974711417e-08
106,2,0.004677988090178408,0.940691889329968,0.026359741546571183,6.580569026018734e-05,0.008411667266850028,0.015032135573308193,0.004296989644798749,0.00046378285806542875
108,3,1.0579287763217097e-05,2.478032481966754e-07,0.9995143549078769,1.533540537172871e-05,0.0004539951211247096,7.744398197618347e-08,1.3692763100784596e-06,4.040754323295098e-06
109,6,0.013940267674686741,0.0003772073886304901,0.00016012214733032265,6.00970774619033e-06,1.1735304537922578e-06,0.985512706650872,2.48843061999132e-06,2.4469660496909103e-08
113,3,0.00011709201175840313,3.562486514511714e-07,0.9939357364399112,2.6341909112881e-05,0.0016202845110340222,3.937758550428427e-09,1.2614691608276741e-05,0.004287570250165214
120,3,2.7896447737102746e-05,4.7743711384163765e-06,0.9962937499464903,3.633646849795328e-05,0.003477722433303742,6.556904740067494e-08,3.312386296353239e-05,0.00012633090082154455
122,6,0.003714813571763766,0.0002445964935707495,0.00020468251440251343,1.0037140230006371e-05,3.4779066520983157e-06,0.9958205913976901,1.7018689272372129e-06,9.910676349603601e-08
126,5,0.0011407691011436603,1.2561241134710956e-05,0.24101542138872192,5.235617923779586e-05,0.7563311170962344,2.067323263785296e-05,3.5631630425993817e-06,0.001423538597846931
127,3,0.0004289996270029175,2.8880934613445326e-05,0.8537405087535472,1.2934978808820146e-05,0.12118033120558834,1.6324841161858632e-06,2.510078309216206e-05,0.024581611233231035
128,6,0.00026131743829330736,0.0003713899212618986,7.778648680690173e-06,4.1580897260210014e-08,7.086243856315458e-08,0.9993593795980483,1.873887792029588e-08,3.2115020069572178e-09
132,2,0.000276583051491992,0.998217809293864,2.8505975842297575e-05,1.1232840217161633e-07,0.0006539891445629168,0.0002040968607191608,0.0005951823621171963,2.372098300032142e-05
135,7,0.002407695483774013,1.0956056337267576e-05,0.0002985286050045438,0.30246513074911524,0.0025731710587510526,1.4101158611584078e-07,0.6922401472806406,4.229754791230487e-06
139,6,0.2519652203899081,0.0007016112457606306,0.11896365677334922,0.005456473194815194,0.005503497545731755,0.6170384364570243,0.00020977497623937875,0.00016132941717155282
141,3,0.00014538918848492607,1.9402109735667688e-06,0.9861873532679335,0.00010383203677562481,0.006723772099432165,2.704852135939127e-08,8.652362428227394e-05,0.006751162523596587
147,3,1.6377038764083363e-05,1.9013727901971536e-07,0.9998704612965614,8.84410695948848e-06,0.00010171396078358402,5.997545255881832e-08,1.5677615189848177e-06,7.857226808976718e-07
148,3,4.211409633144286e-05,1.4227516640670663e-06,0.9993803386310671,8.80157684497941e-06,0.0005402282926837224,2.960514785175397e-08,1.1119004093741435e-05,1.594604216708472e-05
151,7,8.535204959854667e-05,0.00021097997317967788,0.013483381091669938,0.0027811410827525795,0.0006466292586518724,3.3944514979360523e-06,0.9827883597317074,7.623609419982763e-07
154,6,0.11784170490225557,0.0162119988384207,0.0006632345411706545,1.536943912620876e-05,8.207050268834002e-05,0.8651220593744444,6.1138701187858e-05,2.423700706091989e-06
156,3,9.558941533481845e-05,1.1052606206891548e-05,0.9989999750785751,8.925752957716473e-06,0.0007801317802219689,1.08105328280663e-07,8.02348113636261e-05,2.398245001163084e-05
165,4,1.6309784120924833e-06,1.0002044876325738e-09,1.0661599294442414e-05,0.9971375510126311,2.413593365681249e-05,6.473288419788988e-10,0.0028259879839763386,3.0844495901522534e-08
166,3,0.013413366346172413,0.0011424410430658847,0.6718092538821294,0.09857560343619527,0.14689319831235542,0.0005011227648434829,0.0036488389051235926,0.0640161753101145
171,3,0.0005515684071498372,4.637811406860432e-05,0.9988849284833186,4.116460566651232e-05,0.0001902877148457356,6.4899536160448224e-06,0.0002757146789921769,3.468042342552181e-06
177,3,6.493316060088304e-05,1.5470034937943249e-06,0.9813544963411053,1.0534607167249672e-05,0.013191035757011808,7.5042423213457e-09,8.470810930481413e-06,0.005368974815448116
180,3,8.18496546323475e-06,8.056924128001426e-07,0.9996333491963015,4.406392621781545e-05,0.0002958096333926769,2.0858994456512206e-07,7.0726766532560885e-06,1.0505319614072023e-05
182,6,0.000692781348376805,9.191468803579238e-05,2.1899933875878155e-06,1.1597173737839938e-07,2.982075474436907e-08,0.999212937644357,2.984966306372311e-08,6.836875980479552e-10
183,3,4.1845911293770795e-05,4.593742289790403e-06,0.9964256340818857,3.6009464446173104e-05,0.003360742198857793,2.1326793692232878e-07,1.2959933434679392e-05,0.00011800139985514766
185,7,5.3399017784011495e-05,1.6083608522949375e-05,0.00027889919388776363,0.015599573739995019,0.0017203560976792947,1.2263444146527808e-07,0.982330266790527,1.2989171623968745e-06
191,3,0.0003989661555368621,0.00015632301507868126,0.9597724490436026,0.00018577693499685703,0.032999439726127136,1.0034924883411233e-06,0.0028467845470132643,0.0036392570851562504
195,3,0.00033595269758651344,0.00023609575688760952,0.9447040270860798,0.0003993326392266366,0.05084940444299437,6.903864140492563e-05,0.0001697487370109001,0.0032363999988093356
198,3,2.1288977426853383e-05,3.147962044585594e-06,0.9965691036212296,5.1449043287769136e-05,0.003251522001663571,1.9647359144579245e-07,1.0262691222947454e-05,9.302922953319352e-05
209,7,3.466154089135978e-07,1.7865086082956392e-07,1.2014102145275738e-08,9.498032854759764e-05,9.726086303727912e-07,7.235679901023121e-12,0.9999035097181709,5.704360691435424e-11
211,3,6.752023201451052e-06,2.2071127637048682e-08,0.9999164512120434,3.286074404087378e-05,4.230076947515665e-05,4.9327415498521366e-08,5.157180763473052e-07,1.0481346196074601e-06
213,3,0.0005561694587961779,2.5666628235972856e-06,0.9980286023802242,1.6276821251924306e-05,0.0009629321881209004,3.726348365460073e-08,8.047249641558926e-05,0.0003529427288838853
214,4,5.610419516675377e-05,6.621475347058864e-08,0.3743350760184933,0.6182870379187174,0.0011508440518649998,2.157392265703719e-08,0.006136572106569694,3.427792051171838e-05
220,3,1.136350995168345e-05,1.8415641204336283e-07,0.9995449704238012,2.459137910197236e-06,0.000428616396089911,2.587075542036136e-09,1.803164897062925e-06,1.0600623862458973e-05
224,6,0.0015654279587108027,0.01677361035208924,4.6752540142961644e-05,1.1541282359069486e-06,5.447732235422296e-06,0.9815963826482482,1.1048604179749077e-05,1.7603615776644802e-07
229,3,1.5249138248861441e-05,1.0196006313643826e-06,0.9993727966377586,0.0001616767916314727,0.0004052424994802309,3.8140317692707914e-07,1.387631105502335e-05,2.9757618017552773e-05
231,5,0.00030392488095650486,6.0757327463213195e-06,0.057763999206228454,0.005699907277140732,0.9337672420880654,1.159904068802487e-05,0.00039968254208504433,0.0020475692320895142
232,7,1.637482754214654e-05,6.711633031191948e-07,1.365255566693887e-06,0.0031348032574842546,1.123226785150279e-05,1.3966408864108074e-09,0.9968355496392157,2.19239567185747e-09
234,7,2.544025082076929e-05,5.3480182813242845e-05,3.924834122659618e-05,0.0012876529293000198,0.0010055919729860458,3.156993571790956e-08,0.997588106143498,4.486094196528984e-07
235,7,3.0853260280484586e-06,1.0037220017645773e-07,2.0470910445196416e-06,0.00591578000925239,1.8112611047094656e-05,3.328844346654899e-11,0.9940608580141319,1.654300752070666e-08
237,3,2.6640724893372774e-05,2.071837531713168e-06,0.9977709986664265,0.0002259081230622687,0.0019236641323993925,1.6558086700732723e-07,3.5479095210829994e-05,1.5071839609019163e-05
240,3,2.3946401417677138e-05,4.539375019016146e-06,0.9970221103110212,7.92286825866386e-05,0.0024606073694734346,3.318245727396887e-07,1.5517711908837017e-05,0.00039371832400052903
247,3,2.3285734406919614e-07,8.682256504813689e-10,0.9999076927922051,4.855253947748603e-07,9.101367914027915e-05,1.228382586041041e-11,4.375712612992267e-08,5.305082801799474e-07
250,6,0.0003046835999403597,6.382345987657773e-05,5.912157675760991e-06,3.913638923623379e-08,9.299049962826366e-09,0.9996255232764049,8.901676935965948e-09,1.6898633034009266e-10
253,6,0.00010992248593487399,0.012614894479154265,3.862439253892994e-06,1.7425384382250587e-09,3.052492573802686e-08,0.9872701177773769,1.1704486350878142e-06,1.0218071816216446e-10
255,3,2.7632499588737637e-05,3.6133878049330638e-06,0.9988966711018024,6.787878863957045e-05,0.0009094535595855553,8.535723512121476e-07,9.985517217752751e-06,8.391157300992573e-05
259,3,0.0003338068708201046,1.2260274615739456e-05,0.9905909471609172,0.00321926590279002,0.0025490795300673517,3.288346480226594e-06,0.0006333059926363311,0.002658045921673051
263,6,3.369523233518407e-05,3.80985749217649e-06,2.4123128072359785e-05,2.5241439172326072e-08,2.7357963416725553e-09,0.9999383416320613,2.1657498031615697e-09,7.05365885628526e-12
270,3,1.738037308408629e-05,1.3544654393794778e-06,0.9886445815286368,4.019517472110119e-05,0.010107798900376393,7.392482024885361e-09,6.737160159251649e-05,0.0011213105636678198
275,7,4.12868191357083e-06,1.4260655113563435e-06,3.196644864857666e-07,4.529975920450791e-06,3.0435199760947804e-07,6.306364216697211e-11,0.9999892910596143,1.374925908117171e-10
279,3,0.007538437404089655,0.00013082934953723613,0.9868763552346277,0.001622300803541939,0.0022278611470545203,5.203339693233272e-05,0.00021733703024976936,0.00133484563396693
287,7,1.0417607494154309e-06,6.193283967342494e-07,1.1514367091555956e-05,0.0004911295799581412,1.8752458783266957e-05,1.2256440317494607e-10,0.9994769200507997,2.2331656692186444e-08
289,3,1.4609233459775038e-05,2.439422982938562e-07,0.9988676494847489,9.15370571036943e-06,0.0009477481786304022,4.3578209517321105e-09,6.803754062279611e-06,0.00015378734326891021
297,3,3.0326584509524218e-05,1.2612761907613993e-06,0.9982014804330035,4.8653111504311064e-05,0.0016705786075499076,1.3968425734970174e-07,1.0909821361324783e-05,3.6650481623390546e-05
306,6,0.00018965202539823113,2.5852290532989843e-05,1.0373643353421088e-05,1.2073151551165823e-07,2.8145626137527385e-08,0.9997739278706128,4.498093635517363e-08,3.1202446117212986e-10
312,3,6.9585138444251015e-06,3.5461842567963937e-07,0.9987285209936925,2.1838295273881958e-05,0.0012206579181365182,1.4177737358673506e-08,5.527360078118458e-06,1.6128122811616747e-05
313,2,0.0026282299955773768,0.9872493165851599,0.0002343421248772307,4.585953659889875e-07,0.006296092541321314,0.00310377618380477,0.00030987474369910346,0.00017790923019443415
315,3,0.015260453494619944,0.00011773538772288819,0.934451806252561,0.02045169137710134,0.001036445257075171,0.00018535417254850886,0.027969681005950816,0.0005268330524203853
317,3,1.2210831894061392e-05,1.3014338595691372e-06,0.9934459699248562,7.363076670467674e-06,0.006289949385412004,8.510257830276249e-09,5.076064744547444e-06,0.00023812077230527285
326,3,2.2528481168111633e-05,1.6103661271856865e-06,0.9978516412755711,4.6888145451013e-05,0.002044261946024076,1.0241997694771452e-07,7.1836741234001254e-06,2.5783691558030622e-05
328,3,0.00030811739009193185,1.963344364254087e-05,0.9989779556750347,6.814889904767651e-05,0.00028001726840798505,1.7153744991198273e-06,0.00033934308376766027,5.068865508315442e-06
329,6,0.00015557225166844274,0.003120658512102655,0.00020426333135456555,7.615460482993489e-08,1.6379789005677293e-06,0.9965173177547505,4.6293473619007944e-07,1.1081882341197932e-08
337,3,0.0001370412738022441,4.626107924481917e-06,0.9995897428502366,7.797147498962569e-05,0.00016087485261388325,5.479655307581756e-06,1.634223226948195e-05,7.921552856082118e-06
338,2,0.0006993959181436039,0.999219274257042,1.6109208959418797e-06,3.8311101441772503e-10,2.572164580213319e-05,1.035424126706284e-05,4.343501615015435e-05,2.0761758805087737e-07
341,3,2.365556359121756e-05,3.2743810472096303e-07,0.9996657816806935,3.749516764328988e-05,0.00025554582643148047,9.155739503858694e-08,3.580773263535985e-06,1.3521992877209884e-05
346,3,0.00012483309399465844,2.517581460991925e-06,0.9991073417361641,2.9007060708159527e-05,0.0006438707778607633,9.602584798952544e-08,4.861491184552796e-05,4.371881211768739e-05
350,3,0.00017140347955505865,6.522684928716243e-06,0.9989602618367186,5.10235942257911e-05,0.0007453550294867411,1.149889750024495e-06,2.644615315489191e-05,3.7837332180078065e-05
351,6,0.04673336064894702,0.0002856677506280269,1.3796809964920988e-05,4.590624056251799e-06,1.1131560436089198e-06,0.9529610275689725,3.1237458670061096e-07,1.3106680104938235e-07
353,7,1.221316709480289e-05,6.310956760282238e-05,2.2908083694713326e-07,8.914255995564556e-06,6.252703506318845e-06,1.3683078812828608e-09,0.9999092783381662,1.5184894967896982e-09
354,6,0.00012111998569093112,2.2586670216897236e-05,4.33956160663418e-06,2.61176119768298e-08,6.41613291488722e-09,0.9998519188847556,2.2471242582901957e-09,1.1686072146188728e-10
358,6,0.000254031060030399,0.00022102405278790263,5.5669634703839696e-05,3.6641595949817356e-07,1.7818203768754763e-07,0.9994684519999494,2.7505870305442047e-07,3.5958282791118626e-09
359,5,0.000867511593988079,0.0006355314871277428,0.2811216983524177,0.00021832441492318253,0.5612213977621361,4.902202276112173e-06,0.0007887172045128096,0.1551419169826184
361,7,1.7863256223388487e-06,1.1722168888552378e-06,3.5961961476800645e-09,0.00016894374064797916,4.541943630435922e-07,6.096674372079258e-11,0.9998276397942372,7.1077776995271e-11
363,1,0.6787097111315454,0.005228438313558304,0.002395858356766586,0.00010965973894659933,0.00018829982723461578,0.3132126565949913,0.00011947038259022975,3.590565436698203e-05
367,7,1.1601054983715819e-06,2.8994742686275593e-06,4.050382638366261e-06,0.0012940270316953702,0.0006361154280124648,8.188049963498134e-11,0.9980604093187682,1.3381772381892172e-06
369,3,3.296515647472539e-05,2.723129028850112e-07,0.999392098221927,0.0002579851204485642,0.0002956851187250125,1.5393076262074292e-07,1.4496126243002666e-05,6.344012516136453e-06
370,1,0.969979131472292,0.0034837519570533487,0.0006770786257595574,0.00023121739444909825,0.000308353660688427,0.02505181093187202,5.7508115913556184e-05,0.00021114784197198523
371,3,0.06707477167045599,0.0002439246590634935,0.9311301161786808,0.00020801299647753128,0.0003852255099237271,0.00010703553505250451,0.0007596772359555365,9.123621439046788e-05
372,3,0.00025997415896667153,8.299646482166087e-06,0.9987283991844498,5.063442455492837e-05,0.0007412701512468582,3.7506494907833914e-07,0.00016841534342212875,4.26320259285022e-05
373,2,0.0012122903782205536,0.9924799490548302,7.316994922705756e-06,1.1777948902220218e-07,0.00010117152907867082,1.6973021838701276e-05,0.006181245189162866,9.360524572816102e-07
374,2,6.34217813006676e-08,0.9999656206008608,2.719442452572574e-10,1.7505213339690155e-13,1.0516680124458708e-06,3.0859110557141286e-09,3.3260609126558976e-05,3.4218858491482355e-10
375,7,4.998699032435766e-05,1.3786626298743806e-05,7.659768418850124e-05,0.0002787090766105444,1.6871104348534016e-05,7.691681378899181e-09,0.9995638062675528,2.3455899508149782e-07
377,3,1.7835536608585808e-05,5.396559610264192e-07,0.9969632893557999,0.00018047691538400517,0.002590221629835956,1.73977195178172e-07,7.427640445408067e-06,0.00024003528876997423
379,3,6.217153525839108e-06,1.4636013126718997e-07,0.9996442346533093,8.989920345706336e-06,0.00032824271403053925,2.6834865341153243e-09,8.769784823752802e-06,3.396730347008622e-06
380,6,0.0003452788172047763,0.00010834942233182866,4.863416010063498e-07,1.9415699265869335e-09,8.211408133303527e-10,0.9995458803057746,2.3393039569350306e-09,1.1073011974756024e-11
381,3,0.00011430071181743315,1.633604468244244e-06,0.9995887330012667,2.8329576633075835e-05,0.00025000543886676387,5.573659530344855e-07,1.16023105886019e-05,4.837990406074373e-06
393,3,3.883990390436304e-05,2.2484674307831828e-07,0.9998042534004468,3.912652091851254e-05,0.000112387323349511,1.896746494539152e-07,3.6020743891152278e-06,1.3762555992602297e-06
394,3,3.723422249268354e-06,6.540935028231788e-08,0.9995356821257527,2.4335398609016376e-05,0.000406326011501977,1.856610813457828e-09,3.2245390741895506e-06,2.6641236851722782e-05
395,4,3.574158699399655e-05,8.317718074212648e-09,1.8500246370023482e-06,0.9956308361682433,5.697736656484594e-06,3.599312753382481e-08,0.004325824127716879,6.044906652038677e-09
401,7,2.3319298786782572e-05,6.168010007465896e-06,1.339904133964813e-05,0.0004262598365057154,0.00022031613416572624,7.922226156641801e-10,0.9993102365637121,3.0032325996120107e-07
402,3,1.0170340675408313e-05,4.72829550754178e-08,0.9995352020424944,1.6940322249892935e-05,0.00040570661461342817,5.072340683487692e-09,1.1965001326544038e-06,3.073182453848736e-05
403,5,0.0008604185429736641,0.009717360557905882,0.016166137004993298,7.710939852219743e-05,0.6978322981308837,2.456443032343701e-06,0.05172185132303025,0.2236223685986587
411,5,0.0005193159058192124,0.0009107259687294231,0.23769051235898855,0.00022647056395407714,0.6133997589707759,1.3138628712493308e-06,0.0034850258199381474,0.14376687654892345
414,2,1.2011738620417137e-06,0.9991316465417941,2.634221399303669e-09,6.326331481419496e-12,4.279463711750091e-07,6.421509737937699e-09,0.0008667150849966082,1.9091856007050817e-10
418,4,2.0722835766283026e-05,8.582190631130583e-09,0.00037182043074126614,0.9991642665083733,9.60303407561933e-06,2.8219347256886644e-07,0.0004332814977218355,1.4917658486206955e-08
419,7,1.5105414525880984e-05,0.00016415875034303241,5.1591610603751725e-05,2.092653948205046e-05,0.0003750722153163768,9.081841147635692e-10,0.9993725701394128,5.744221319826535e-07
422,7,7.123724230799221e-06,1.0809072798932648e-06,1.1172772421339321e-06,0.0008497714851555127,1.626750697027727e-05,4.734114379940933e-10,0.9991246370611762,1.5645337913435513e-09
423,3,2.9193324976331062e-05,8.001168191908482e-06,0.9641891964740726,0.00012837290102567808,0.029538815719898234,3.4630984344543e-08,5.2365912941508724e-05,0.0060540198679094855
424,7,8.940767706187582e-05,0.01122050597606189,0.0004376977984179775,0.0001437736335286837,0.005445054196255993,4.7168235231957216e-06,0.9826160015321825,4.284236296794182e-05
433,3,2.214465244543503e-05,2.0338212930499084e-07,0.9993246160140992,3.3023388965091517e-06,0.0006155528516539814,3.766784505532388e-09,3.4369163827313066e-06,3.0740077608276766e-05
436,3,4.202299763282182e-06,1.6487544916364442e-08,0.9998992935499668,1.0787217712719679e-05,8.423081228382942e-05,7.53574502187117e-09,3.279304260997155e-07,1.1341665573297984e-06
438,6,0.00021369278626131943,0.00011424773983900007,8.488087902296306e-07,4.715746980817071e-08,3.832398178904366e-09,0.9996710104559521,1.4916132089924503e-07,5.7968506637994756e-11
444,3,0.0001200255901460468,1.508466751351603e-06,0.999302372362104,1.9328216016265895e-05,0.000515164086522524,1.1374380994767814e-07,1.331398835990697e-05,2.8173546290080924e-05
446,6,1.0679863321075441e-05,2.413787493993779e-06,7.233987827842749e-08,1.9096902389039225e-10,1.9622796970370996e-11,0.9999868337248914,7.372313163164098e-11,1.0022381597813988e-13
448,6,0.004000544919857956,0.003867849409338761,2.5531188401181504e-06,7.783847466548757e-08,1.0043392592201045e-07,0.9921284592720621,4.097700051977082e-07,5.2374952814850045e-09
453,7,4.312787153625215e-05,3.913144814656131e-07,2.688317592189519e-06,0.004415459622761196,5.980513259171367e-06,1.3425322904685343e-09,0.995532347999075,3.018762510082071e-09
454,3,6.165848522434012e-05,6.673786183672529e-07,0.9986861529153896,2.3876464610999746e-06,0.001170363485742608,1.024486518683683e-08,5.478869923746816e-06,7.328097377506128e-05
455,3,0.0001619619608550135,8.262031073695194e-05,0.9981321838494273,0.00025905833072861485,0.0010435541733797204,9.723896329144076e-05,0.00018855951041840533,3.4822901162576635e-05
457,1,0.9888455098265707,0.0045216044991076305,0.00010488461862782543,1.5117614227459261e-06,0.004670901787052125,0.0012028980909785662,6.173288462002596e-06,0.0006465161277783715
458,3,0.00014487206076239733,1.2460259482745547e-05,0.9963941447089144,0.0005793933365850702,0.002523857794820815,3.108008402315084e-06,0.00027972724531447887,6.243658571763071e-05
468,7,0.0001131922307763591,1.8537607386420307e-06,4.124134209807431e-06,0.001522531347232098,6.771761669467527e-06,6.079330948470085e-09,0.9983515158458612,4.840181315065164e-09
473,8,9.528604737172762e-05,0.00013007729282230393,0.03080963641208974,0.00016294759876494858,0.26497431914846475,9.833540594966994e-07,0.00016958467117650377,0.7036571654752506
481,3,9.360372815837289e-05,7.986287203327948e-06,0.9990432448689192,2.3682883390759694e-05,0.0007082051796426432,1.506259457405252e-07,9.417297001671487e-05,2.895345672333877e-05
483,2,0.0003523230701487143,0.9913004549285288,1.0295208250617172e-07,5.109649819742705e-08,1.4810827756055775e-05,1.303680414041568e-05,0.008319176526532352,4.379431298597567e-08
484,2,0.051646427789923954,0.8896878268823951,0.0001266594605565401,2.8146155611887568e-06,0.00010628939044937056,0.05768241502250241,0.0007315329376236762,1.6033900987751343e-05
489,3,2.5455441148409482e-05,8.556423877251377e-07,0.9995779043064476,3.949940491550476e-05,0.00034821804238359107,7.677828984894383e-07,3.738479421508417e-06,3.5609003971599475e-06
496,7,1.155513794234726e-05,2.573047565216917e-05,1.7903148151489943e-06,0.0006998689103756313,0.0010928845005854764,6.727235308422593e-10,0.9981662688557205,1.9011321852697674e-06
498,7,0.0004733945727719075,0.0011049441586262305,0.0013297371668977093,0.0003690229461125269,0.006401323281924413,9.21366547233986e-08,0.9902985786723161,2.290706469638464e-05
501,6,0.26921221568344283,0.002429040526431513,0.0010769314372332884,9.083139228807927e-05,1.3797787690905334e-05,0.7269884293366187,0.00018779473689346175,9.590994013067232e-07
507,7,1.1899148155367505e-05,3.830371497535581e-07,1.1619047597470975e-06,0.0019714902928588017,6.503337104387272e-06,5.509136715652241e-10,0.998008560278968,1.4500903188786633e-09
511,3,0.0006768933703280408,2.4067638135181554e-06,0.9973948204610841,0.0002862482390913736,0.00066989650962181,2.5633332740515774e-07,8.112951937236464e-05,0.00088834880336138
515,5,1.848785161354756e-05,3.39270753983693e-05,0.0012808940090567895,5.028277908840296e-06,0.8955574850736989,2.584833916088648e-08,0.00021618565683919312,0.10288796620714524
517,3,5.7423439387099576e-05,7.582626649082742e-07,0.9325257660375098,0.00023350033538278183,0.06253304752716893,6.181489288825225e-08,9.073662720683216e-06,0.00464036892027286
519,3,2.209667601632228e-05,5.717272020160867e-07,0.9991819516609807,3.531708119615934e-05,0.0007336440597811489,1.5366088607551367e-07,2.2551540177692266e-06,2.4009979919750754e-05
521,3,1.3594227957886753e-05,4.133721689221475e-07,0.9991243083389079,2.191239601600448e-05,0.0008253976456432971,8.046192312195148e-08,2.0988446988758302e-06,1.2194712684060281e-05
525,7,0.0001760177757338889,4.481184400527111e-07,9.612818582365502e-06,0.01897791579518872,7.374042057272587e-06,1.1790859232355697e-08,0.980828616754931,2.904207463719651e-09
536,3,0.00882799272323889,0.0024016328754396365,0.983763933950819,0.00032145283373116094,0.0038263856575793446,0.00025088679925931696,0.00021116493505758742,0.00039655022487496686
541,5,3.5487923770731575e-05,1.8615913281604107e-05,0.002604676004308393,9.890472076353486e-07,0.9863821282734969,4.951623293679236e-08,3.277498466921345e-05,0.01092527833703267
544,3,0.00018618302300738563,1.6877444491612695e-06,0.9939136807457987,0.0003986772145684915,0.0028166663628066274,1.1090285328660198e-07,6.533404689262992e-05,0.002617659959623721
557,3,0.00017919875741995758,2.8392022729099692e-06,0.9992349722775034,2.3657098043069117e-05,0.0005042449428472925,2.069060065618732e-07,2.6458307810172926e-05,2.8422508096680093e-05
558,3,0.0003270169781253897,3.097018882235317e-05,0.990688950080301,3.0498110642078024e-05,0.008311795641910175,3.064775572379931e-06,1.6654071197098198e-05,0.0005910501534295195
559,6,0.00025859501746296925,9.634367082215795e-06,5.232684472443045e-06,8.179581861340578e-08,8.568789072307392e-09,0.9997264426798096,4.777135814545016e-09,1.094293184773702e-10
560,3,2.5993553711794745e-05,1.2100639588413315e-05,0.9779950923903867,1.4213595794736097e-05,0.020554370663216352,1.3088689640970981e-08,7.206660951958777e-05,0.0013261494590926762
566,3,2.675970746171299e-05,4.6094704343740594e-07,0.9995545691551336,6.281575695783439e-06,0.0003961999289601706,1.4450109689177292e-08,4.210386632802241e-06,1.1503848962819293e-05
570,7,3.25007438642615e-06,8.680886033620564e-06,2.4353937160469266e-06,5.5909692543137966e-05,0.0001646861308143322,1.4439938255821284e-10,0.9997649872282112,5.0449895875202035e-08
572,3,8.384515936403891e-05,1.2484548309854208e-06,0.9991717815040001,0.00011184641072718776,0.0005413133360079206,9.088814911878313e-08,7.561558131248407e-05,1.425866560820977e-05
574,2,2.5801638408974366e-05,0.9996475329012343,1.1597964543869646e-06,2.4198733285608476e-09,6.404627570151148e-05,1.3993869248859503e-05,0.00024688154547557184,5.815536030796208e-07
576,3,0.06892725934373063,8.138813567699541e-05,0.8746416676486952,0.009981212317603048,0.00812445002533984,0.00018351194837079937,0.00010122640286752929,0.037959284177715914
593,7,2.424701063833987e-06,9.205124409512229e-06,1.3959299942351294e-06,4.6946301119244456e-05,8.962956586691632e-05,1.377200595343254e-10,0.9998503882611005,9.978725595998528e-09
601,3,0.004861502312564961,0.0017079576000059726,0.7623142708488929,0.0003480304516925293,0.00033316565558676767,0.23038400304381154,2.837507910867829e-05,2.26950083365951e-05
605,3,0.00016324342277742018,8.947865831417616e-06,0.9812363232575729,0.00046768386031909774,0.00767954940300767,3.10918447668497e-08,0.0018825647409971163,0.008561656357649597
607,3,0.00038861109947069776,4.404082539091662e-07,0.9989654819883882,2.142971040935611e-05,0.0004193863028773811,3.171247735296842e-08,9.625090383110937e-06,0.00019499368774002757
610,3,2.2938978468036798e-05,1.3809284546926164e-07,0.9997968875937023,4.426740726374541e-05,0.00012844186962890944,1.7648158410430298e-07,1.333518081236393e-06,5.816058426198596e-06
611,4,0.0007436512322964446,1.2323218424749742e-07,0.0003555681155886536,0.9857523734164773,7.572322402338398e-05,2.406773280071861e-06,0.01307012603585832,2.797029153721712e-08
616,4,0.0002781183893383427,5.029351756613067e-07,0.0007722451253451087,0.9808272740754409,7.022972835268636e-05,1.9012442124494395e-06,0.018049164898102762,5.636040321403726e-07
627,7,5.037748175011258e-05,2.1585247708060617e-05,0.0013602032764133,0.019111691304740393,0.01621387141925239,4.1562806383343804e-09,0.9631336733450169,0.00010859376883832445
639,7,2.4743775428511733e-06,7.094570310223406e-07,7.658355396304342e-07,0.00019867522362489938,6.3191033294701786e-06,4.870212280864505e-11,0.9997910554866697,4.675602198755987e-10
653,3,0.0006113131074921575,0.00023915929956480012,0.9528786383188704,0.00010492145152850974,0.039091400641888756,1.9675004508196864e-06,0.0019594836388997588,0.005113116041304823
655,3,0.00038109064084615587,2.7089505219814986e-05,0.8983220192318501,0.0007685432927933335,0.09726452951758927,0.00030722108978027457,4.4667132679592544e-05,0.0028848395892416105
656,2,1.8182715056107217e-05,0.9940145300587312,2.1972212821663444e-06,1.338655430633462e-08,0.0003528473983292535,6.865265750473636e-07,0.005610337471979708,1.2052214921045208e-06
660,4,0.000300827596982106,1.811016154065431e-07,0.00030134131997508836,0.9566349449231671,0.00019063999401282023,1.0718471507710996e-06,0.0425709767844439,1.6432652836629755e-08
668,3,4.4471897119970706e-05,1.1575365455073338e-06,0.997450423710662,5.663867777726599e-05,0.002407081856604073,1.0115247076520471e-07,4.9830533429900106e-06,3.514211547735973e-05
671,2,5.658277451250158e-05,0.9997346176978905,1.4439122779399872e-06,1.8522463564118406e-10,5.1741575844745366e-05,5.267584648211185e-07,0.00015484786908439245,2.3922670049135947e-07
672,3,0.0003767004513919967,1.8066438017223506e-07,0.9988461428828649,5.354936181866735e-05,0.00035118881660964807,9.304001270549338e-08,2.6074923911132848e-06,0.00036953729053079324
673,3,0.00011208076888776659,1.8857644802647694e-07,0.9996857255056882,1.2169699899858359e-05,0.00017102170317279556,2.457834507900174e-08,4.790619079921112e-06,1.3998548478386063e-05
679,3,0.02470543616477634,0.004435059793489055,0.5132258617601467,0.0179445803261021,0.002487178832238082,0.0013501349623175275,0.43574970844534533,0.00010203971558482482
681,3,0.00038878987079467287,5.513996307613382e-07,0.999465779343555,3.056657440598003e-05,9.90551375191439e-05,2.8559105960115266e-07,7.055462136390819e-06,7.916620898489077e-06
682,3,6.4350158526518525e-06,4.3606859383596075e-08,0.9993089040203185,0.0001004506769769549,0.0005148527443374175,2.307477094780883e-08,1.317452541886211e-06,6.797340834229414e-05
684,3,6.971769987745919e-06,4.0527610059790427e-08,0.9998472545862664,3.07920539477932e-06,0.00014088146333538073,4.246586626956208e-09,5.876023785086344e-07,1.180598440447446e-06
690,4,5.2470399076573705e-05,1.9411974212380941e-07,4.1405616371836675e-06,0.9578366812919137,5.108694055245242e-05,1.0023494757135475e-07,0.0420552788950127,4.755711759879071e-08
692,5,0.0010098609399996018,0.003242458772669496,0.005338853685631686,2.7798839478754432e-05,0.7844518743414451,2.3982947259692524e-06,0.0030392468623812153,0.20288750826366814
693,4,6.687782124794179e-06,1.7976948986940511e-09,4.973337195599403e-06,0.9988096768809789,7.153676976083126e-06,3.0707880830599413e-09,0.001171434567505135,6.888673650936543e-08
694,5,0.0008567409171447373,1.2087877774963098e-05,0.2169723174488133,0.002624668463867965,0.7770699924448482,0.00012976113724596036,0.0001110706859699927,0.002223361024334797
699,3,0.00016229264680037365,4.621391292878009e-07,0.9986363366970484,0.0004032292758248713,0.00037351197690496885,4.554933316931987e-08,5.531607709720216e-05,0.0003688056378616825
701,7,1.9053522361250813e-06,4.913799321231194e-06,2.4945693930397805e-06,2.806025449721761e-05,2.9436811990303264e-05,4.190721156831166e-11,0.9999331806325669,8.538088013321458e-09
711,2,0.004406815366096663,0.9199515914199282,4.022806622988722e-07,1.2377280354042108e-07,7.116826455446119e-05,1.7513965918637586e-06,0.0755680041834694,1.4331589356239133e-07
712,3,0.1036242779593214,0.00044696581801495906,0.893558823902619,0.00011145170729745182,0.0010478712197949031,7.084659625440511e-05,0.0007764320589113711,0.00036333073778656175
718,3,7.42829121489721e-06,9.83811816980504e-08,0.9998248253873894,5.952295159915895e-05,0.00010305369734373128,4.299123853974808e-08,3.893802012924139e-06,1.1344980198150676e-06
720,3,2.6539982072722604e-06,8.168460151556725e-08,0.9994054701178746,1.0969962296415847e-06,0.0005745568381142714,2.0600548533345622e-10,1.8804263462054753e-06,1.4259732620957261e-05
722,2,2.2000069745833044e-05,0.9996439442502301,4.2456909994478146e-07,1.4677213505792748e-10,0.0002866427731362103,1.7413118204347361e-06,4.43744907588497e-05,8.72388436645266e-07
727,2,1.7878192145767779e-06,0.9998948642247587,5.1915645466448487e-08,1.853620322615222e-11,5.929549938268226e-05,2.8942307558211666e-07,4.362909395887983e-05,8.200542798883874e-08
730,7,0.009880687053167091,0.0019724776432078193,5.299463191999477e-06,0.004090421667773064,1.5055329400777888e-05,1.5320202168175046e-05,0.9840203836545472,3.549865438579257e-07
733,6,0.05127336369784376,0.0005418616325925502,1.3119039442909377e-05,5.270963438743818e-06,1.490552519587611e-06,0.9481639263725957,8.058277038127933e-07,1.6191386287251033e-07
736,4,0.00038028588529310603,3.0682391099767197e-07,0.0033141431906751583,0.9893151065192466,0.0033726886836967875,1.4737165268013104e-05,0.0036012624128196257,1.4693190897450146e-06
737,2,2.3077079812552562e-05,0.9996241061604968,8.547443831792647e-08,1.5465785594714715e-10,0.00017047145672134816,5.532859882617539e-07,0.00018107356594570403,6.32821939174785e-07
739,3,1.063457972602337e-05,1.5217815789952557e-08,0.9999486779682405,1.8034296689486012e-05,2.2119466560252925e-05,1.4108602273452706e-07,1.290325722631456e-07,2.483523729554684e-07
752,1,0.8983035185188942,0.005425200856641157,0.032352192127502115,0.0022294962802855444,0.000190483982717751,0.0606300660066482,0.0008356157274438477,3.3426499867251224e-05
753,7,0.00012196627810221722,2.7785396734869114e-06,0.000129629462840191,0.00011767738824456706,3.3851656209741603e-06,3.039629909926164e-09,0.9996245576754469,2.4504417510353363e-09
754,3,0.0005694175251271051,1.6714752300734866e-06,0.9977015449043369,0.0013567192458156044,0.00014755378632244265,2.209572194510199e-06,0.00021004822970618032,1.0835261267139425e-05
759,3,0.00014266422775483152,2.3059120646235966e-06,0.9990549599573495,1.3781625294256055e-05,0.0007253850329315176,1.064229885329326e-07,1.6896505780898194e-05,4.390031583590063e-05
760,6,0.0003706722461036161,7.328673176504608e-05,1.8352722979766902e-06,4.565787728487222e-09,2.198991412988858e-09,0.9995541979012363,1.0525509907071064e-09,3.126690626266177e-11
763,6,0.00021569259413640367,1.846572741284899e-05,0.00030782198065665756,1.1355473388843763e-06,1.1296993629870302e-07,0.9994567439097461,2.5160574876710294e-08,2.1101978880444097e-09
766,3,0.00019219027486983668,0.00011643741109631645,0.8879054725715322,0.0007140227663725952,0.08473550871674917,1.1189701710159318e-05,0.0004437223246600865,0.025881456233009584
771,3,1.655969281254164e-05,5.460533518208521e-07,0.9991413489754635,0.00032313556116031575,0.00042605922103465586,3.0831910112806206e-08,8.008575001947028e-05,1.223391424764362e-05
773,3,5.4483247388755785e-06,2.3136261775719698e-08,0.9998022895733675,1.399121464550483e-05,0.00017505300484183702,1.1276756574146692e-08,3.7501519188497505e-07,2.808454196193229e-06
780,3,3.321589817089743e-05,5.288310000293765e-06,0.9969763701291471,2.9983819401974818e-05,0.0029013349849973014,2.0357940926046613e-07,1.1267163760917181e-05,4.233611511228091e-05
790,3,6.319953575359188e-06,2.7186187073617717e-08,0.999925817441031,1.7046617799964997e-05,4.9769989445117755e-05,2.068198296436982e-08,6.963796690749524e-07,3.0175030938465007e-07
808,3,3.2490955513217506e-06,7.112073456186489e-08,0.9975674621336654,9.370446433619839e-06,0.0023918250419508796,9.57556234989406e-10,7.190636617651347e-07,2.730214044631424e-05
818,5,4.8660381885519184e-05,9.776420434665773e-06,0.006176524393927648,1.5243343708768648e-05,0.985956173943493,1.5447763960491396e-07,5.654134227484307e-05,0.007736925696636018
827,6,0.0005938432905262161,3.342513321563669e-05,7.00759536949229e-05,8.842974045792561e-08,1.5823333718860268e-08,0.9993025331524145,1.8019805842854076e-08,1.9726872292161412e-10
828,3,6.7392789232018e-05,2.1582984576296663e-05,0.9983570486640203,0.000479589303171043,0.0007311979679237229,1.4573454953276525e-05,0.0002909969485626144,3.761788756069767e-05
